1|GER|1189|2008
2|USA|3011|1978
3|UK|4387|2007
4|JPN|2949|2018
5|ITA|1139|2018
6|FRA|4267|1982
7|CHN|4445|1993
8|Other|1488|2013
9|Abadal|3606|1972
10|Abarth|3895|2014
11|Abbott-Detroit|1823|1997
12|ABT|4181|2009
13|AC Cars|1538|2010
14|Acura|1447|2016
15|Aixam|3392|2017
16|Alfa Romeo|2845|1980
17|Alpina|4492|2012
18|Alpine|3865|1995
19|Alta|2693|1976
20|Alvis|1733|2008
21|AMC|2778|2018
22|/////AMG|3237|1991
23|Apollo|2492|1974
24|Arash|4253|1980
25|Ariel|1188|1981
26|ARO|4117|2013
27|Arrinera|1782|2002
28|Artega|1663|2018
29|Ascari|4486|1994
30|Askam|3308|1979
31|Aston Martin|4064|1976
32|Atalanta|3535|2000
33|Auburn|1421|1994
34|Audi|2610|1980
35|Austin|4423|2005
36|Autobacs|4186|1989
37|Autobianchi|4340|2002
38|Axon|1260|1984
39|BAC|1583|1986
40|Baojun|1738|1993
41|BAIC Motor|2707|1977
42|Bentley|1360|2005
43|Berkeley|4113|1988
44|Berliet|4005|1975
45|Bertone|1324|1996
46|BharatBenz|1839|1982
47|Bitter|3690|2012
48|Bizzarrini|3887|1996
49|BMW|3238|1988
50|Borgward|2884|1999
51|Bowler|4308|2002
52|Brabus|3607|2004
53|Brammo|2943|2017
54|Brilliance|1374|2010
55|Bristol|1141|2003
56|Brooke|1611|1975
57|Bufori|1353|1995
58|Bugatti|2246|1975
59|Buick|2847|2000
60|BYD|4245|2003
61|Cadillac|2918|1975
62|Carlsson|2062|1980
63|Caparo|4238|2017
64|Caterham|3852|1973
65|Changan|3613|1985
66|Changfeng|1011|2002
67|Chery|2623|2017
68|Chevrolet|1381|2004
69|Chrysler|4108|2012
70|Cisitalia|1978|2013
71|Citroën|2055|1979
72|Cizeta|1818|1996
73|Cole|1862|2009
74|Corre La Licorne|1050|1973
75|Corvette|2475|2001
76|Dacia|4469|2017
77|Daewoo|1259|1972
78|DAF|1628|2003
79|Daihatsu|2841|1999
80|Daimler|1623|1979
81|Dartz|3793|2005
82|Datsun|4088|1981
83|David Brown|4414|2002
84|Delage|4092|2010
85|DMC|4407|1992
86|De Tomaso|1673|1993
87|Detroit Electric|3914|1988
88|Devel Sixteen|1974|2003
89|Diatto|1887|1974
90|DINA|2760|2008
91|DKW|2445|1999
92|Dodge|3613|1986
93|Dongfeng|3057|1998
94|Donkervoort|4184|1991
95|DS|2233|2014
96|Eagle|3859|1999
97|EDAG|3274|1999
98|Edsel|4332|1993
99|Eicher|4324|1994
100|Elemental|4265|1994
101|Elfin|3678|1986
102|Elva|2010|2008
103|Englon|4450|2006
104|ERF|3997|2015
105|Eterniti|1264|2005
106|9ff|3974|1976
107|Facel Vega|3014|1982
108|Faraday Future|3701|1991
109|FAW|3313|1986
110|Ferrari|2558|1980
111|Fiat|4010|1990
112|Fioravanti|3876|1998
113|Fisker|4185|1971
114|Foden|2510|1985
115|Force Motors|2952|2008
116|Ford|2205|1985
117|Foton|3710|1987
118|FPV|2079|1971
119|Franklin|1666|1998
120|Freightliner|3349|1989
121|GAC Group|2535|1981
122|Gardner Douglas|1865|2018
123|GAZ|4118|1971
124|Geely|1540|1978
125|General Motors|3985|1995
126|Genesis|2952|1985
127|Geo|2243|1993
128|Gilbern|3364|1995
129|Gillet|1342|1990
130|Ginetta|4320|1982
131|GMC|2620|1972
132|Gonow|3478|1989
133|Great Wall|4197|1982
134|Grinnall|2490|2007
135|GTA Motor|1862|2009
136|GT-R|1718|1978
137|Gumpert|2679|1994
138|Hafei|4415|2001
139|Haima|1671|1971
140|Haval|3669|1986
141|Hawtai|1330|1999
142|Hennessey|4130|1979
143|Hillman|2830|1988
144|Hindustan Motors|3420|1992
145|Hino|2304|1994
146|Hispano-Suiza|2753|1976
147|HSV|2892|1989
148|Holden|3468|2003
149|Hommell|1803|2015
150|Honda|1050|2006
151|Horch|3172|2005
152|Hudson|1988|1998
153|Hummer|2670|1995
154|Hupmobile|3274|1986
155|Hyundai|3413|1978
156|IC Bus|2552|2014
157|Infiniti|1686|1972
158|Innocenti|3039|1997
159|Intermeccanica|2232|1990
160|IH|1816|1982
161|International|1954|2010
162|IKCO|3346|2009
163|Irizar|1621|2004
164|Isdera|2574|1990
165|Iso Rivolta|3754|1992
166|Isuzu|1396|1989
167|Iveco|3081|1972
168|JAC Motors|2561|2014
169|Jaguar|2732|1984
170|Jawa|2029|1995
171|JBA Motors|1258|1998
172|Jeep|4080|1996
173|Jensen|2627|2004
174|JMC|4078|1988
175|Kaiser|4287|2014
176|Kamaz|2745|2016
177|Karma|3491|2007
178|Keating|1865|1984
179|Kenworth|1788|2004
180|KIA|4463|1982
181|Koenigsegg|2480|1976
182|KTM|2580|1980
183|Lada|1114|1997
184|Lagonda|2071|1984
185|Lamborghini|4407|1993
186|Lancia|1651|1991
187|Land Rover|4268|1983
188|Landwind|4268|1995
189|Laraki|3234|2005
190|LEVC|2463|2007
191|Lexus|1172|1989
192|Leyland|1761|2002
193|Lifan|3662|1998
194|Ligier|4339|1998
195|Lincoln|4099|2016
196|Lister|3428|1979
197|Lloyd|2521|1974
198|Lobini|2535|2006
199|Lotus|2589|1973
200|Lucid|3079|2016
201|Luxgen|3311|1989
202|Mack|2956|1990
203|Mahindra|4056|1990
204|MAN|2893|1987
205|Mansory|1347|1996
206|Marcos|1488|1990
207|Marlin|1673|1987
208|Maserati|3490|2000
209|Mastretta|1781|2006
210|Maxus|2253|2008
211|Maybach|4107|2013
212|MAZ|1165|1973
213|Mazda|1176|1977
214|Mazzanti|4149|1986
215|M BMW|2989|1970
216|McLaren|2295|2008
217|Melkus|3632|2015
218|Mercedes-Benz|4254|1972
219|Mercury|4313|1982
220|Merkur|1824|1989
221|MEV|2410|1986
222|MG|2449|1998
223|Microcar|3349|1991
224|Mini|2263|2004
225|Mitsubishi|2511|2007
226|Mitsuoka|2278|2007
227|MK|2808|1971
228|Morgan|1044|2015
229|Morris|1081|2002
230|Mosler|3242|2009
231|Mustang|3405|2013
232|Navistar|1443|2011
233|Nissan|3935|2016
234|Nismo|2845|2016
235|Noble|3807|2013
236|Oldsmobile|2848|2012
237|Oltcit|1725|2014
238|Opel|3009|1999
239|OSCA|3593|1984
240|Paccar|1932|2008
241|Pagani|2598|2002
242|Panhard|4300|1976
243|Pegaso|3327|1994
244|Perodua|1984|2003
245|Peterbilt|4038|1986
246|Peugeot|2332|1992
247|PGO|4387|1995
248|Pierce-Arrow|2378|1983
249|Pininfarina|2621|1998
250|Plymouth|1173|2001
251|Polestar|3090|1978
252|Pontiac|1646|1974
253|Porsche|1648|2014
254|Praga|3558|2010
255|Premier|1970|2008
256|Prodrive|3592|1971
257|Proton|3616|2003
258|Qoros|1679|1978
259|Radical|3882|1982
260|Rambler|3252|1986
261|RAM|2852|1992
262|Ranz|1571|1997
263|Renault|4011|2000
264|Renault Samsung|1042|1970
265|Rezvani|1191|2013
266|Riley|2766|1996
267|Rimac|2309|1987
268|Rinspeed|2396|1974
269|Roewe|1550|1970
270|Rolls-Royce|4246|2010
271|Ronart|2006|1987
272|Rossion|3253|2007
273|Rover|2429|1973
274|RUF|1823|1992
275|Saab|1656|1996
276|SAIC|2587|1991
277|Saipa|2882|1994
278|Saleen|3585|1984
279|Saturn|1029|1983
280|Scion|1844|2004
281|SEAT|1177|2009
282|Setra|1942|1982
283|Shelby|2781|2002
284|Simca|1314|2015
285|Singer|2777|1977
286|Sisu Auto|3133|1979
287|Škoda|3939|2010
288|Smart|1022|2014
289|Soueast|2798|2005
290|Spirra|1023|2008
291|Spyker|3603|1970
292|SRT|3208|1993
293|SsangYong|1268|2000
294|SSC|3555|1977
295|Sterling|2737|2001
296|Studebaker|4023|2018
297|Subaru|2886|2003
298|Suffolk|1451|1998
299|Suzuki|3163|1972
300|Talbot|1745|2018
301|Tata|2134|1999
302|Tatra|2400|1996
303|Tauro Sport Auto|3826|1985
304|TechArt|4303|2002
305|Tesla|3498|2006
306|Toyota|3069|1981
307|Toyota Crown|4445|2003
308|Tramontana|2764|1980
309|Trion|1479|1981
310|Triumph|1217|1982
311|Troller|1169|2008
312|TVR|2527|1980
313|UAZ|1872|1998
314|UD|3781|1991
315|Ultima|1152|1976
316|Vandenbrink|4052|2001
317|Vauxhall|1065|1982
318|Vencer|3578|1976
319|Vector Motors|1717|1975
320|Venturi|1106|2008
321|Venucia|3629|1999
322|Viper|1129|1981
323|Volkswagen|3608|1987
324|Volvo|4280|1994
325|Wanderer|1923|2018
326|Wartburg|2455|1987
327|Western Star|2737|1989
328|Westfield|4022|1981
329|Wiesmann|1981|1975
330|Willys|3800|1983
331|W Motors|2840|1971
332|Wuling|2851|1973
333|Yulon|3563|2007
334|Zastava|3462|1974
335|ZAZ|2818|1990
336|Zenos|1321|2001
337|Zenvo|1639|2000
338|Zotye|1135|1970